0.8253588676452637
0.4301900267601013
0.6036748886108398
0.02141093648970127
0.3195244073867798
0.1517508178949356
0.7393172383308411
0.6783939599990845
0.5173948407173157
0.373700350522995
0.7293280363082886
0.3004307150840759
0.15236538648605347
0.6558467745780945
0.6187516450881958
0.4027263820171356
0.8504956364631653
0.8925894498825073
0.6589391231536865
0.6525821089744568
0.5891816020011902
0.1283334195613861
0.7849937677383423
0.8230725526809692
0.6522015929222107
0.34914833307266235
0.8624175786972046
0.7796378135681152
0.7404607534408569
0.21469607949256897
0.4589722156524658
0.5347446799278259
0.053828079253435135
0.5787000060081482
0.07911326736211777
0.48600536584854126
0.6660669445991516
0.898042619228363
0.015764756128191948
0.6387990713119507
0.11834357678890228
0.523682177066803
0.4878888428211212
0.1553281843662262
0.6972513794898987
0.05877701938152313
0.6725819110870361
0.03934504836797714
0.8397364020347595
0.5240857601165771
0.4619886577129364
0.5536198019981384
0.768876850605011
0.06791112571954727
0.1612158715724945
0.2870132625102997
0.6239845156669617
0.7824833393096924
0.37692394852638245
0.5853296518325806
0.6905287504196167
0.2832791805267334
0.5931693315505981
0.09111257642507553
0.1340818703174591
0.316265732049942
0.4848429560661316
0.40236204862594604
0.7610378265380859
0.17190521955490112
0.785521924495697
0.46883025765419006
0.8724573254585266
0.20904557406902313
0.19386537373065948
0.5273122191429138
0.2800356447696686
0.31430521607398987
0.23921823501586914
0.2965462803840637
0.7039943337440491
0.8167359232902527
0.8295618295669556
0.36486831307411194
0.12750951945781708
0.7752597332000732
0.7497652769088745
0.6344727277755737
0.7772293090820312
0.6343533992767334
0.6577920317649841
0.7452836036682129
0.6649187803268433
0.47695085406303406
0.013845535926520824
0.029152942821383476
0.4342847764492035
0.8760606646537781
0.005101421847939491
0.5049799680709839
0.8011718392372131
0.6087514162063599
0.5775110721588135
0.109495609998703
0.82671719789505
0.724795401096344
0.05555684119462967
0.10038919001817703
0.5677533745765686
0.7990564703941345
0.5795783996582031
0.273154616355896
0.3289649486541748
0.7548569440841675
0.6509419083595276
0.6419267654418945
0.8020454049110413
0.7883948087692261
0.1115511953830719
0.05264711752533913
0.8321698307991028
0.6875289678573608
0.7715935111045837
0.37716734409332275
0.8917036056518555
0.7983437180519104
0.010686495341360569
0.7716786861419678
0.41956549882888794
0.7916772365570068
0.8844120502471924
0.4305838942527771
0.7828589677810669
0.1339857578277588
0.6772348880767822
0.6373291611671448
0.3716767430305481
0.11751551181077957
0.5305531024932861
0.45726045966148376
0.7410919666290283
0.6964285373687744
0.4056558310985565
0.20268121361732483
0.31156519055366516
0.8307188749313354
0.615883469581604
0.8833989500999451
0.43079352378845215
0.002970111323520541
0.1683618426322937
0.6519414186477661
0.8190979361534119
0.2792593836784363
0.6262862682342529
0.8604574203491211
0.6583717465400696
0.3728891611099243
0.7514218688011169
0.5767221450805664
0.6486105918884277
0.7063540816307068
0.7223287224769592
0.7303857207298279
0.7059161067008972
0.3805711567401886
0.6224120259284973
0.14667370915412903
0.5957459807395935
0.2813502252101898
0.6500447392463684
0.7111702561378479
0.6321918964385986
0.7194114923477173
0.7830387353897095
0.02660004049539566
0.8322113156318665
0.3441454768180847
0.006981776561588049
0.05275923013687134
0.25528621673583984
0.02604464441537857
0.7652994990348816
0.8632802367210388
0.6269565224647522
0.6639060378074646
0.07139932364225388
0.24686755239963531
0.7743736505508423
0.42092347145080566
0.597217857837677
0.18310041725635529
0.02983730286359787
0.06401962786912918
0.5966260433197021
0.058152295649051666
0.0038021381478756666
0.19477877020835876
0.6705912947654724
0.578988790512085
0.5702543258666992
0.8226011991500854
0.8399801850318909
0.008545435965061188
0.001928404439240694
0.7084784507751465
0.645020067691803
0.5852994322776794
0.509880006313324
0.7633590698242188
0.7871658205986023
0.7507207989692688
0.8117406964302063
0.7152664661407471
0.7521998286247253
0.7138047814369202
0.7173886299133301
0.5640090703964233
0.6672163605690002
0.1910884976387024
0.3989717960357666
0.7892975807189941
0.7712817788124084
0.8298720717430115
0.28110620379447937
0.6723068356513977
0.8525949120521545
0.6498232483863831
0.7704803347587585
0.04095480591058731
0.6258949041366577
0.6645398736000061
0.2942672371864319
0.8256312608718872
0.09346769005060196
0.5055256485939026
0.059862881898880005
0.4975753724575043
0.6649379134178162
0.10742958635091782
0.5700074434280396
0.4401960074901581
0.02994462475180626
0.7417727708816528
0.6083716750144958
0.6977877020835876
0.6835482716560364
0.7450520396232605
0.5836783051490784
0.8073710799217224
0.6187070608139038
0.78511643409729
0.24493464827537537
0.7580842971801758
0.4414755403995514
0.89531409740448
0.42919087409973145
0.5769386887550354
0.6811902523040771
0.7072258591651917
0.8174539804458618
0.8545345664024353
0.6056444048881531
0.45747998356819153
0.6837822794914246
0.6086335778236389
0.7527230381965637
0.5703955292701721
0.6315651535987854
0.5835353136062622
0.7293431758880615
0.8281615376472473
0.7468361854553223
0.09322790056467056
0.8211758136749268
0.8502992987632751
0.5813823938369751
0.45750099420547485
0.29342371225357056
0.8145554065704346
0.7177194356918335
0.27964726090431213
0.7832686305046082
0.668964684009552
0.6567751169204712
0.2845228612422943
0.20302961766719818
0.6978500485420227
0.27839767932891846
0.35471978783607483
0.13692674040794373
0.6817076206207275
0.6058145761489868
0.8206100463867188
0.7619451880455017
0.09092649817466736
0.1755497306585312
0.5896627306938171
0.7492835521697998
0.7465571165084839