0.01225406235098431
0.011944548298903514
0.011432920223404551
0.01091273358282971
0.010768146055635908
0.010666868435674217
0.010587000940822924
0.010519597031117805
0.010463485421133385
0.010415282345597724
0.010372941580558485
0.010335225921977784
0.010301495321889698
0.010271328234385662
0.010244399381702844
0.010220422241213159
0.01019912469328728
0.010180242299324196
0.010163519621310582
0.010148715064061592
0.010135605720033757
0.010123989067053675
0.010113684490921098
0.010104532536643888
0.01009639342149246
0.010089145202041828
0.010082681570687502
0.010076910207441326
0.010071750777187964
0.010067133234311394