0.012637792695800574
0.012029210012503925
0.011712615729784189
0.011204991354213557
0.01069713425458771
0.010563308180892537
0.010465883696735161
0.01038874806754137
0.010322697958570742
0.010267533826089211
0.010219847525480285
0.010177794077821925
0.010140208448499754
0.010106503373097844
0.010076295844648744
0.010049287352036595
0.01002521014846655
0.010003804798692558
0.009984814765508766
0.009967989341332154
0.00995308961335449
0.009939893413787334
0.00992819862350721
0.009917824213915218
0.009908610109209485
0.009900415802983184
0.009893118607800169
0.009886611627815492
0.009880801828781718
0.009875608247210465